 l r meanr sigmar
   0.0000000000000000       0.10591110221789991       0.36632944816240409       0.16796740801140583     
  0.10000000000000001       0.49191902749809729       0.36506186619931297       0.16721601183694065     
  0.20000000000000001       0.21324238361472134       0.36834118734883481       0.16821043348040654     
  0.29999999999999999       0.58244812166661086       0.36602324863937319       0.17240823180301068     
  0.40000000000000002       0.38134540644834158       0.36279665539805600       0.16683242206906426     
  0.50000000000000000       0.35207761117304437       0.36206363480672843       0.17061966924848357     
  0.59999999999999998       0.19775922925427203       0.36837177598782550       0.16369645117897869     
  0.69999999999999996       0.14646982320084431       0.36286266098598252       0.17041904460606486     
  0.80000000000000004        7.9790528970232921E-002  0.36322403644397749       0.17057071596058679     
  0.90000000000000002       0.17209644583352704       0.36731940192707707       0.16695211472608829     
   1.0000000000000000       0.20633600000170002       0.36639082794514372       0.16970430951183677     
   1.1000000000000001       0.46218925657180082       0.36765189999159847       0.17354320786525876     
   1.2000000000000000       0.51856141077684115       0.37328687864397819       0.17550581911917362     
   1.3000000000000000       0.41007929893009182       0.37134053048578186       0.17190514592027933     
   1.3999999999999999       0.55500659762145410       0.37360381655541969       0.17334305360338309     
   1.5000000000000000       0.66514680550655436       0.37607780151299125       0.17343855285959009     
   1.6000000000000001       0.29434959512837189       0.38373021756185050       0.17216187563951266     
   1.7000000000000000       0.60425539523734528       0.37982187177042748       0.17548091414750425     
   1.8000000000000000       0.46264534960584153       0.39971574667094273       0.17607852762702461     
   1.8999999999999999       0.58364820916425053       0.44624100530000665       0.18786498797117820     
   2.0000000000000000       0.56580965174092002       0.46402150940161568       0.18953340024641313     
   2.1000000000000001       0.65828849519978849       0.47841940385695675       0.19245105109633973     
   2.2000000000000002       0.43252441846711909       0.50272813259790683       0.18765539613857704     
   2.2999999999999998       0.67867311257520979       0.51595817675162903       0.18859153528453135     
   2.3999999999999999       0.27284228481421374       0.52275359179093439       0.18920912028819623     
   2.5000000000000000       0.70977655877121248       0.53213998377938965       0.18739220772007797     
   2.6000000000000001       0.66381617590384956       0.53578745936302918       0.18488554036404994     
   2.7000000000000002       0.75038179512658854       0.54254356718910024       0.18793221890422984     
   2.7999999999999998       0.35994853933633958       0.54341075684884776       0.18396608208406862     
   2.8999999999999999       0.73041029946801284       0.54620360844811899       0.18116279162879834     
   3.0000000000000000       0.68459520576189770       0.55418984714961084       0.18298574829291656     
   3.1000000000000001       0.71718153204019675       0.55953124223717532       0.17818505003391966     
   3.2000000000000002       0.78125770253585469       0.58443076829392626       0.17472051793612189     
   3.2999999999999998       0.69750774754957479       0.60667752710981038       0.17024345792446857     
   3.3999999999999999       0.77908686235322622       0.61406234663342163       0.16809564066590532     
   3.5000000000000000       0.53122788848540348       0.62186270607523975       0.16436483633671853     
   3.6000000000000001       0.72572037896989960       0.62746722670234345       0.16054393720712876     
   3.7000000000000002       0.70733658385721232       0.63352301573363756       0.15533081208020191     
   3.7999999999999998       0.53105353457778015       0.63898253829975726       0.14774298044296788     
   3.8999999999999999       0.70693114691764503       0.64659270682683700       0.14017464933380960     
   4.0000000000000000       0.52490463165613144       0.64985594856723672       0.12625716667607603     
   4.0999999999999996       0.40186034994897790       0.65600166473166599        9.9640203946312622E-002
   4.2000000000000002       0.71363856786584035       0.71363856786584490        7.4006737010821687E-008
   4.2999999999999998       0.73969403647644638       0.73969403647643928        6.8273524496869329E-008
   4.4000000000000004       0.75651489619347001       0.75651489619348455                            NaN
   4.5000000000000000       0.76929670775679337       0.76929670775678249        7.5564944454092971E-008
   4.5999999999999996       0.77965873086478887       0.77965873086478255        5.8132811361036436E-008
   4.7000000000000002       0.78836693627897325       0.78836693627897581                            NaN
   4.7999999999999998       0.79585766632197630       0.79585766632195831        1.4879869690060102E-007
   4.9000000000000004       0.80240810499740500       0.80240810499741810                            NaN
   5.0000000000000000       0.80820751459936069       0.80820751459938078                            NaN
   5.0999999999999996       0.81339194812411042       0.81339194812412052                            NaN
   5.2000000000000002       0.81806305178581729       0.81806305178580452        1.5074386046443154E-007
   5.2999999999999998       0.82229907422438009       0.82229907422436821        1.1923458453416560E-007
   5.4000000000000004       0.82616171039535424       0.82616171039535413        1.0794992064870424E-008
   5.5000000000000000       0.82970056337217502       0.82970056337217146        1.2213139347079755E-007
   5.5999999999999996       0.83295616804846551       0.83295616804844874        2.0623803381875185E-007
   5.7000000000000002       0.83596210722017861       0.83596210722018516                            NaN
   5.7999999999999998       0.83874653319855130       0.83874653319855785                            NaN
   5.9000000000000004       0.84133328761276560       0.84133328761276926                            NaN
   6.0000000000000000       0.84374274218024303       0.84374274218023726        1.2117348539906553E-007
   6.0999999999999996       0.84599244110266314       0.84599244110267391                            NaN
   6.2000000000000002       0.84809759949803720       0.84809759949803309        1.2681244342699548E-007
   6.2999999999999998       0.85007149543836358       0.85007149543835470        6.2945079435496187E-008
   6.4000000000000004       0.85192578207567915       0.85192578207568181                            NaN
   6.5000000000000000       0.85367073887177347       0.85367073887176248        6.8273524496869329E-008
   6.5999999999999996       0.85531547581300749       0.85531547581299816        9.7752810710538975E-008
   6.7000000000000002       0.85686810089660248       0.85686810089658527        1.3396232853610292E-007
   6.7999999999999998       0.85833585861488548       0.85833585861487649        1.6192488097305637E-007
   6.9000000000000004       0.85972524531335304       0.85972524531336414                            NaN
   7.0000000000000000       0.86104210594188657       0.86104210594189379                            NaN
   7.0999999999999996       0.86229171571138563       0.86229171571139462        4.3179968259481698E-008
   7.2000000000000002       0.86347884941165076       0.86347884941164932                            NaN
   7.2999999999999998       0.86460784057206219       0.86460784057204298        2.1670795332264115E-007
   7.4000000000000004       0.86568263220615871       0.86568263220613906        2.1562979761286601E-007
   7.5000000000000000       0.86670682054034387       0.86670682054034376        1.0955720391240089E-007
   7.5999999999999996       0.86768369286081093       0.86768369286082370                            NaN
   7.7000000000000002       0.86861626040332351       0.86861626040331597        1.4523176483191063E-007
   7.7999999999999998       0.86950728704440161       0.86950728704439617                            NaN
   7.9000000000000004       0.87035931441983827       0.87035931441983105                            NaN
   8.0000000000000000       0.87117468398984554       0.87117468398983366        1.8351486510279721E-007
   8.0999999999999996       0.87195555648389800       0.87195555648392054                            NaN
   8.1999999999999993       0.87270392908817018       0.87270392908817440                            NaN
   8.3000000000000007       0.87342165068105426       0.87342165068105271        1.0848832758293474E-007
   8.4000000000000004       0.87411043537504385       0.87411043537505584                            NaN
   8.5000000000000000       0.87477187458422656       0.87477187458421768        1.2260754106008075E-007
   8.5999999999999996       0.87540744780425395       0.87540744780426227                            NaN
   8.6999999999999993       0.87601853226460269       0.87601853226462045                            NaN
   8.8000000000000007       0.87660641159031982       0.87660641159030495        1.8414876980598891E-007
   8.9000000000000004       0.87717228359140509       0.87717228359141763                            NaN
   9.0000000000000000       0.87771726728190325       0.87771726728191668                            NaN
   9.0999999999999996       0.87824240921716679       0.87824240921716168        3.5802938294039077E-008
   9.1999999999999993       0.87874868922617166       0.87874868922619120                            NaN
   9.3000000000000007       0.87923702560588746       0.87923702560589678                            NaN
   9.4000000000000004       0.87970827983624389       0.87970827983623046        1.7271987303792679E-007
   9.5000000000000000       0.88016326086699492       0.88016326086699348                            NaN
   9.5999999999999996       0.88060272902151771       0.88060272902149450        2.0453590264631032E-007
   9.6999999999999993       0.88102739955719078       0.88102739955718490        2.8560864408562778E-008
   9.8000000000000007       0.88143794591734359       0.88143794591735325                            NaN
   9.9000000000000004       0.88183500270568638       0.88183500270568149        1.5266424183849694E-008
   10.000000000000000       0.88221916841063430       0.88221916841064130                            NaN
