1.926471 0.661765 1.308824 0.132353 0.132353 0.058824 0.102941 0.132353 0.117647 0.250000
1.363636 0.787879 1.030303 0.090909 0.151515 0.030303 0.181818 0.363636 0.090909 0.212121
1.171053 0.447368 1.710526 0.105263 0.157895 0.039474 0.065789 0.052632 0.052632 0.144737
0.818182 0.272727 0.727273 0.363636 0.090909 0.181818 0.090909 0.272727 0.090909 0.454545
0.692308 0.384615 0.923077 0.076923 0.153846 0.384615 0.076923 0.307692 0.153846 0.153846
0.571429 0.142857 0.428571 0.285714 0.714286 0.571429 0.000000 0.000000 0.000000 0.571429
1.166667 1.000000 0.833333 0.166667 0.166667 0.000000 0.000000 0.666667 0.333333 0.166667
1.125000 1.500000 0.500000 0.375000 0.500000 0.000000 0.500000 0.500000 0.000000 0.250000
1.000000 0.375000 0.500000 0.125000 0.250000 0.000000 0.250000 0.000000 0.500000 0.125000
0.944444 0.388889 0.611111 0.277778 0.111111 0.222222 0.055556 0.111111 0.055556 0.444444
