1
4
3
2
1
6
1
1
3
3
6
6
3
3
3
9
9
1
1
9
9
2
3
9
9
8
4
6
6
4
4
9
9
1
1
2
2
7
1
1
1
10
10
3
10
10
1
1
2
3
3
6
6
8
8
3
3
3
3
3
3
7
7
5
5
5
5
5
5
8
4
5
5
3
3
3
3
3
3
8
4
2
3
3
3
3
3
1
1
5
5
3
1
3
3
3
3
3
1
3
1
5
3
5
5
3
8
4
8
4
3
3
3
3
1
1
1
3
3
3
3
2
3
2
3
3
3
3
3
3
3
3
3
3
3
8
4
1
1
1
1
7
7
1
1
1
1
1
1
1
1
1
1
2
7
1
1
1
1
1
1
1
1
2
2
2
2
2
1
1
2
3
10
10
10
3
3
3
3
3
3
1
1
1
1
1
1
1
1
1
1
1
1
2
2
2
2
2
2
2
2
1
2
2
10
10
10
10
10
3
3
3
10
10
10
10
1
3
3
3
3
2
1
3
1
2
2
2
3
3
10
10
1
1
1
2
3
1
1
2
3
3
4
4
2
2
1
1
