 l r meanr sigmar
   0.0000000000000000       0.20287693339450383       0.52810527980592248       0.21117681160714613     
  0.10000000000000001       0.54660724527657945       0.52753006572648675       0.21232515457241036     
  0.20000000000000001       0.55083502615454238       0.53128875131355680       0.20960985383406058     
  0.29999999999999999       0.35818010046465015       0.53276334768590672       0.20974280423027680     
  0.40000000000000002       0.76683539173528759       0.52468383822865561       0.21024579090788026     
  0.50000000000000000       0.79579539293256618       0.52835877199932679       0.20830805468082322     
  0.59999999999999998       0.29950654910636054       0.52433430724406904       0.20719218929824615     
  0.69999999999999996       0.56970807565306780       0.53032359868870338       0.20533641141844439     
  0.80000000000000004       0.77123392579187677       0.53052696720053105       0.20517514319171759     
  0.90000000000000002       0.56488703635260817       0.53074274132497401       0.20222941351662471     
   1.0000000000000000       0.37654115088175399       0.53375231712590010       0.19731609586699980     
   1.1000000000000001       0.33456729376760524       0.53460014388086785       0.19326256871509198     
   1.2000000000000000       0.52013930585893542       0.53537826342978112       0.19022354691946694     
   1.3000000000000000       0.29509814584179633       0.53661315446823077       0.18001249324280499     
   1.3999999999999999       0.21334642895321257       0.54442556918000939       0.16567381662648445     
   1.5000000000000000       0.45002684760136336       0.54280578883194952       0.11969175906439013     
   1.6000000000000001       0.75219114924245301       0.63089225658720272       0.10344407961494657     
   1.7000000000000000       0.56408095414543769       0.65641849810506192       0.10392257728999227     
   1.8000000000000000       0.81014487366970533       0.67313320361501505       0.10422432107366475     
   1.8999999999999999       0.55843167006799843       0.68516054523949554       0.10421359794463168     
   2.0000000000000000       0.77201969244448942       0.69446215832485725       0.10437633355815074     
   2.1000000000000001       0.84176248626412142       0.70116693602583391       0.10440313876782237     
   2.2000000000000002       0.55236072686400883       0.70748427352456711       0.10423082131999808     
   2.2999999999999998       0.55247804157885105       0.71199580614352420       0.10422171678037583     
   2.3999999999999999       0.68219015894441215       0.71694867737060486       0.10389797843972662     
   2.5000000000000000       0.78271763137857520       0.72038587386644204       0.10387154489791181     
   2.6000000000000001       0.64315124673737589       0.72352776138881680       0.10348852720776963     
   2.7000000000000002       0.56553061001425198       0.72598981452480527       0.10333867781753613     
   2.7999999999999998       0.56831758404135357       0.72817871431786840       0.10316373655873809     
   2.8999999999999999       0.79703691012722522       0.73051871386320499       0.10278746358142513     
   3.0000000000000000       0.83647837690413251       0.73239883602440436       0.10249644853394622     
   3.1000000000000001       0.81366184189917523       0.73400872719142296       0.10216609326482649     
   3.2000000000000002       0.57849292752262416       0.73551494071472567       0.10181655775564429     
   3.2999999999999998       0.57722109002286903       0.73695363264019509       0.10145135627493444     
   3.3999999999999999       0.87690338429889070       0.73778419812120610       0.10116751305544314     
   3.5000000000000000       0.78121251133670100       0.73965111439893094       0.10056975386498253     
   3.6000000000000001       0.81061995700606737       0.74021488800988477       0.10005480561140592     
   3.7000000000000002       0.86524462248847200       0.74096199673278607        9.9720389593191169E-002
   3.7999999999999998       0.76665820792758943       0.74214941470523710        9.8850856853393371E-002
   3.8999999999999999       0.74594100896890603       0.74339562514655122        9.8259801995624715E-002
   4.0000000000000000       0.58717258509788905       0.74353694921417346        9.7660860723318019E-002
   4.0999999999999996       0.69185153638328944       0.74432497430424283        9.6651584359683046E-002
   4.2000000000000002       0.88706261801045905       0.74457022408819584        9.6230114745201892E-002
   4.2999999999999998       0.83424871909218801       0.74552431447177259        9.5405566986012658E-002
   4.4000000000000004       0.82510244229639274       0.74617158645096238        9.4418607324966625E-002
   4.5000000000000000       0.71132552237381386       0.74723179111028415        9.2803490383421269E-002
   4.5999999999999996       0.69570094070198274       0.74727835977809021        9.1574873226109424E-002
   4.7000000000000002       0.77247498084052346       0.74796245786512994        9.0532155433658612E-002
   4.7999999999999998       0.79354756873440180       0.74874017604129661        8.8650085913030183E-002
   4.9000000000000004       0.72989279765648929       0.74915023136093251        8.6514806748808792E-002
   5.0000000000000000       0.77626559006753981       0.74982472926955512        8.4426057037378738E-002
   5.0999999999999996       0.71214238346697667       0.75099253049571624        8.1539898284040485E-002
   5.2000000000000002       0.75711476791580279       0.75091804616688240        7.8639040131740154E-002
   5.2999999999999998       0.78397757784404987       0.75176601154661926        7.3645496072513777E-002
   5.4000000000000004       0.70488423645942111       0.75211336435740672        6.6342212651167229E-002
   5.5000000000000000       0.71928778590853903       0.75388675192554166        5.3446042080263996E-002
   5.5999999999999996       0.77598387024781001       0.77598387024781479        2.1589984129740849E-008
   5.7000000000000002       0.79047880486962074       0.79047880486962119                            NaN
   5.7999999999999998       0.79989097288100652       0.79989097288102040                            NaN
   5.9000000000000004       0.80717024081366284       0.80717024081366173                            NaN
   6.0000000000000000       0.81317896147163815       0.81317896147163515        4.3179968259481698E-008
   6.0999999999999996       0.81831657140171099       0.81831657140172875                            NaN
   6.2000000000000002       0.82280845895149324       0.82280845895149801                            NaN
   6.2999999999999998       0.82679723324215837       0.82679723324214116        1.3782123258025346E-007
   6.4000000000000004       0.83038020476138841       0.83038020476138108        1.4361802846950981E-007
   6.5000000000000000       0.83362743587759669       0.83362743587758981        6.9959544413795658E-008
   6.5999999999999996       0.83659143587677354       0.83659143587678475                            NaN
   6.7000000000000002       0.83931280205319425       0.83931280205319958                            NaN
   6.7999999999999998       0.84182371007094992       0.84182371007093904        1.6827727251292596E-007
   6.9000000000000004       0.84415018159321442       0.84415018159322319                            NaN
   7.0000000000000000       0.84631361724191190       0.84631361724189758        1.0740881488211723E-007
   7.0999999999999996       0.84833186767825208       0.84833186767823965        1.0848832758293474E-007
   7.2000000000000002       0.85022000310566148       0.85022000310564638        1.8666286253699211E-007
   7.2999999999999998       0.85199087943646101       0.85199087943646945                            NaN
   7.4000000000000004       0.85365556352487593       0.85365556352486127        2.0224411151352717E-007
   7.5000000000000000       0.85522365834636205       0.85522365834637593                            NaN
   7.5999999999999996       0.85670355563589096       0.85670355563590428                            NaN
   7.7000000000000002       0.85810263494446393       0.85810263494445560                            NaN
   7.7999999999999998       0.85942742245705839       0.85942742245706272                            NaN
   7.9000000000000004       0.86068371914056430       0.86068371914055175        1.9816971183903811E-007
   8.0000000000000000       0.86187670519984483       0.86187670519984749                            NaN
   8.0999999999999996       0.86301102600973489       0.86301102600975010                            NaN
   8.1999999999999993       0.86409086340273322       0.86409086340271368        1.4483001644172653E-007
   8.3000000000000007       0.86511999526280881       0.86511999526282291                            NaN
   8.4000000000000004       0.86610184569455773       0.86610184569454307        1.8287876313650152E-007
   8.5000000000000000       0.86703952753202562       0.86703952753202873                            NaN
   8.5999999999999996       0.86793587857234333       0.86793587857233212        1.0126600181647421E-007
   8.6999999999999993       0.86879349263135142       0.86879349263133909        1.0241028674530401E-007
   8.8000000000000007       0.86961474629796653       0.86961474629797275                            NaN
   8.9000000000000004       0.87040182209301786       0.87040182209303874                            NaN
   9.0000000000000000       0.87115672860512139       0.87115672860511573        7.4006737010821687E-008
   9.0999999999999996       0.87188131807095237       0.87188131807093661        1.9159210294110208E-007
   9.1999999999999993       0.87257730178408910       0.87257730178407855        1.8031191634745526E-007
   9.3000000000000007       0.87324626365006164       0.87324626365008351                            NaN
   9.4000000000000004       0.87388967215152080       0.87388967215153590                            NaN
   9.5000000000000000       0.87450889094425055       0.87450889094426709                            NaN
   9.5999999999999996       0.87510518826931627       0.87510518826933625                            NaN
   9.6999999999999993       0.87567974533771520       0.87567974533771975                            NaN
   9.8000000000000007       0.87623366382011414       0.87623366382012413                            NaN
   9.9000000000000004       0.87676797255450112       0.87676797255449135        1.4116283852128094E-007
   10.000000000000000       0.87728363356812555       0.87728363356813421                            NaN
